52,36
52,35
19,1
19,3
18,1
18,3
14,1
14,4
14,3
13,1
13,3
2,2
2,1
2,3
33,639
33,638
33,637
33,636
33,635
33,634
33,633
33,632
33,631
33,630
33,629
33,628
33,627
33,611
33,610
33,609
33,608
33,607
33,591
33,590
33,589
33,588
33,587
33,586
33,585
33,584
33,583
33,582
33,581
33,580
33,579
33,578
33,577
33,576
33,512
33,511
33,510
33,509
33,508
33,507
33,506
33,505
33,504
33,503
33,502
33,501
33,500
33,499
33,498
33,497
33,496
33,495
33,494
33,493
33,492
33,491
33,490
33,489
33,488
33,487
33,486
33,485
33,484
33,483
33,482
33,481
33,480
33,479
33,478
33,477
33,476
33,475
33,474
33,473
33,472
33,471
33,470
33,469
33,468
33,467
33,466
33,465
33,464
33,463
33,462
33,461
33,460
33,459
33,458
33,457
33,456
33,455
33,454
33,453
33,452
33,451
33,450
33,449
33,448
33,447
33,446
33,445
33,444
33,443
33,442
33,441
33,440
33,439
33,438
33,437
33,436
33,435
33,434
33,433
33,432
33,431
33,430
33,429
33,428
33,427
33,426
33,425
33,424
33,423
33,422
33,421
33,420
33,419
33,418
33,417
33,416
33,415
33,414
33,413
33,412
33,411
33,410
33,409
33,408
33,407
33,406
33,405
33,404
33,403
33,402
33,401
33,400
33,399
33,398
33,397
33,1
33,396
